37
15
./textures/map.tga
./textures/breakable_cube.tga
1111111111111111111111111111111111111
1000000000200000200022000200220022201
1001111000000220200220002202002202001
1010000100002000202202022000202002001
1010220100200000200002000020000022001
1010220111111111111111111111111100221
1010000100000000000000000001000010201
1001111000000000000000000001001110221
1010000100000000000000000001000010221
1010220111111111111111111111111102201
1010220102200220002020000002000220001
1010000100202020220002002002020020221
1201111020220020022020022002200222201
1002020020220220000202000200200000001
1111111111111111111111111111111111111
